0.963990929	0.963990929	1
1.347006802	1.347006802	2
1.707006802	1.707006802	3
2.055011337	2.055011337	4
2.402993197	2.402993197	1
2.762993197	2.762993197	2
3.110997732	3.110997732	3
3.460000000	3.460000000	4
3.808004535	3.808004535	1
4.168004535	4.168004535	2
4.528004535	4.528004535	3
4.876009070	4.876009070	4
5.223990929	5.223990929	1
5.583990929	5.583990929	2
5.943990929	5.943990929	3
6.292993197	6.292993197	4
6.651995464	6.651995464	1
7.011995464	7.011995464	2
7.360997732	7.360997732	3
7.720997732	7.720997732	4
8.080997732	8.080997732	1
8.440000000	8.440000000	2
8.800000000	8.800000000	3
9.160000000	9.160000000	4
9.520000000	9.520000000	1
9.880000000	9.880000000	2
10.251995464	10.251995464	3
10.610997732	10.610997732	4
10.970997732	10.970997732	1
11.330997732	11.330997732	2
11.702993197	11.702993197	3
12.062993197	12.062993197	4
12.422993197	12.422993197	1
12.782993197	12.782993197	2
13.141995464	13.141995464	3
13.501995464	13.501995464	4
13.861995464	13.861995464	1
14.233990929	14.233990929	2
14.593990929	14.593990929	3
14.953990929	14.953990929	4
15.313990929	15.313990929	1
15.672993197	15.672993197	2
16.045011337	16.045011337	3
16.405011337	16.405011337	4
16.765011337	16.765011337	1
17.125011337	17.125011337	2
17.484988662	17.484988662	3
17.856009070	17.856009070	4
18.216009070	18.216009070	1
18.576009070	18.576009070	2
18.936009070	18.936009070	3
19.296009070	19.296009070	4
19.656009070	19.656009070	1
20.027006802	20.027006802	2
20.387006802	20.387006802	3
20.747006802	20.747006802	4
21.119002267	21.119002267	1
21.490000000	21.490000000	2
21.861995464	21.861995464	3
22.232993197	22.232993197	4
22.592993197	22.592993197	1
22.952993197	22.952993197	2
23.300997732	23.300997732	3
23.660997732	23.660997732	4
24.032993197	24.032993197	1
24.392993197	24.392993197	2
24.740997732	24.740997732	3
25.100997732	25.100997732	4
25.460997732	25.460997732	1
25.820997732	25.820997732	2
26.180000000	26.180000000	3
26.551995464	26.551995464	4
26.911995464	26.911995464	1
27.271995464	27.271995464	2
27.620000000	27.620000000	3
27.980000000	27.980000000	4
28.340000000	28.340000000	1
28.700000000	28.700000000	2
29.060000000	29.060000000	3
29.420000000	29.420000000	4
29.780000000	29.780000000	1
30.139002267	30.139002267	2
30.499002267	30.499002267	3
30.859002267	30.859002267	4
31.219002267	31.219002267	1
31.579002267	31.579002267	2
31.939002267	31.939002267	3
32.299002267	32.299002267	4
32.659002267	32.659002267	1
33.030000000	33.030000000	2
33.390000000	33.390000000	3
33.739002267	33.739002267	4
34.098004535	34.098004535	1
34.458004535	34.458004535	2
34.818004535	34.818004535	3
35.178004535	35.178004535	4
35.538004535	35.538004535	1
35.898004535	35.898004535	2
36.258004535	36.258004535	3
36.618004535	36.618004535	4
36.978004535	36.978004535	1
37.338004535	37.338004535	2
37.698004535	37.698004535	3
38.069002267	38.069002267	4
38.429002267	38.429002267	1
38.789002267	38.789002267	2
39.149002267	39.149002267	3
39.509002267	39.509002267	4
39.869002267	39.869002267	1
40.229002267	40.229002267	2
40.588004535	40.588004535	3
40.948004535	40.948004535	4
41.320000000	41.320000000	1
41.680000000	41.680000000	2
42.040000000	42.040000000	3
42.410997732	42.410997732	4
42.770997732	42.770997732	1
43.130997732	43.130997732	2
43.490997732	43.490997732	3
43.861995464	43.861995464	4
44.221995464	44.221995464	1
44.581995464	44.581995464	2
44.941995464	44.941995464	3
45.301995464	45.301995464	4
45.661995464	45.661995464	1
46.033990929	46.033990929	2
46.392993197	46.392993197	3
46.752993197	46.752993197	4
47.112993197	47.112993197	1
47.472993197	47.472993197	2
47.844988662	47.844988662	3
48.204988662	48.204988662	4
48.576009070	48.576009070	1
48.936009070	48.936009070	2
49.296009070	49.296009070	3
49.656009070	49.656009070	4
50.016009070	50.016009070	1
50.376009070	50.376009070	2
50.736009070	50.736009070	3
51.107006802	51.107006802	4
51.467006802	51.467006802	1
51.839002267	51.839002267	2
52.198004535	52.198004535	3
52.558004535	52.558004535	4
52.930000000	52.930000000	1
53.290000000	53.290000000	2
53.650000000	53.650000000	3
54.010000000	54.010000000	4
54.370000000	54.370000000	1
54.729002267	54.729002267	2
55.089002267	55.089002267	3
55.449002267	55.449002267	4
55.809002267	55.809002267	1
56.169002267	56.169002267	2
56.517006802	56.517006802	3
56.866009070	56.866009070	4
57.226009070	57.226009070	1
57.585011337	57.585011337	2
57.945011337	57.945011337	3
58.293990929	58.293990929	4
58.641995464	58.641995464	1
59.001995464	59.001995464	2
59.350000000	59.350000000	3
59.698004535	59.698004535	4
60.058004535	60.058004535	1
60.418004535	60.418004535	2
60.767006802	60.767006802	3
61.115011337	61.115011337	4
61.475011337	61.475011337	1
61.835011337	61.835011337	2
62.182993197	62.182993197	3
62.530997732	62.530997732	4
62.880000000	62.880000000	1
63.228004535	63.228004535	2
63.588004535	63.588004535	3
63.936009070	63.936009070	4
64.296009070	64.296009070	1
64.656009070	64.656009070	2
65.003990929	65.003990929	3
65.363990929	65.363990929	4
65.723990929	65.723990929	1
66.083990929	66.083990929	2
66.431995464	66.431995464	3
66.791995464	66.791995464	4
67.151995464	67.151995464	1
67.511995464	67.511995464	2
67.871995464	67.871995464	3
68.231995464	68.231995464	4
68.591995464	68.591995464	1
68.940000000	68.940000000	2
69.288004535	69.288004535	3
69.648004535	69.648004535	4
70.008004535	70.008004535	1
70.368004535	70.368004535	2
70.716009070	70.716009070	3
71.076009070	71.076009070	4
71.436009070	71.436009070	1
71.796009070	71.796009070	2
72.156009070	72.156009070	3
72.516009070	72.516009070	4
72.876009070	72.876009070	1
73.236009070	73.236009070	2
73.596009070	73.596009070	3
73.956009070	73.956009070	4
74.314988662	74.314988662	1
74.663990929	74.663990929	2
75.011995464	75.011995464	3
75.371995464	75.371995464	4
75.731995464	75.731995464	1
76.091995464	76.091995464	2
76.451995464	76.451995464	3
76.800000000	76.800000000	4
77.160000000	77.160000000	1
77.520000000	77.520000000	2
77.880000000	77.880000000	3
78.240000000	78.240000000	4
78.600000000	78.600000000	1
78.959002267	78.959002267	2
79.319002267	79.319002267	3
79.679002267	79.679002267	4
80.039002267	80.039002267	1
80.399002267	80.399002267	2
80.759002267	80.759002267	3
81.119002267	81.119002267	4
81.479002267	81.479002267	1
81.839002267	81.839002267	2
82.199002267	82.199002267	3
82.559002267	82.559002267	4
82.918004535	82.918004535	1
83.278004535	83.278004535	2
83.638004535	83.638004535	3
83.998004535	83.998004535	4
84.358004535	84.358004535	1
84.706009070	84.706009070	2
85.055011337	85.055011337	3
85.415011337	85.415011337	4
85.773990929	85.773990929	1
86.146009070	86.146009070	2
86.506009070	86.506009070	3
86.866009070	86.866009070	4
87.213990929	87.213990929	1
87.573990929	87.573990929	2
87.921995464	87.921995464	3
88.270997732	88.270997732	4
88.619002267	88.619002267	1
88.967006802	88.967006802	2
89.316009070	89.316009070	3
89.674988662	89.674988662	4
90.023990929	90.023990929	1
90.383990929	90.383990929	2
90.731995464	90.731995464	3
91.080000000	91.080000000	4
91.429002267	91.429002267	1
91.765011337	91.765011337	2
92.113990929	92.113990929	3
92.461995464	92.461995464	4
92.810000000	92.810000000	1
93.158004535	93.158004535	2
93.507006802	93.507006802	3
93.867006802	93.867006802	4
94.215011337	94.215011337	1
94.575011337	94.575011337	2
94.922993197	94.922993197	3
95.270997732	95.270997732	4
95.630997732	95.630997732	1
95.990997732	95.990997732	2
96.350997732	96.350997732	3
96.699002267	96.699002267	4
97.059002267	97.059002267	1
97.408004535	97.408004535	2
97.768004535	97.768004535	3
98.128004535	98.128004535	4
98.487006802	98.487006802	1
98.847006802	98.847006802	2
99.207006802	99.207006802	3
99.567006802	99.567006802	4
99.927006802	99.927006802	1
100.275011337	100.275011337	2
100.635011337	100.635011337	3
100.995011337	100.995011337	4
101.355011337	101.355011337	1
101.715011337	101.715011337	2
102.075011337	102.075011337	3
102.422993197	102.422993197	4
102.782993197	102.782993197	1
103.142993197	103.142993197	2
103.502993197	103.502993197	3
103.862993197	103.862993197	4
104.222993197	104.222993197	1
104.582993197	104.582993197	2
104.942993197	104.942993197	3
105.290997732	105.290997732	4
105.639002267	105.639002267	1
105.999002267	105.999002267	2
106.359002267	106.359002267	3
106.719002267	106.719002267	4
107.079002267	107.079002267	1
107.439002267	107.439002267	2
107.799002267	107.799002267	3
108.159002267	108.159002267	4
108.507006802	108.507006802	1
108.867006802	108.867006802	2
109.215011337	109.215011337	3
109.575011337	109.575011337	4
109.935011337	109.935011337	1
110.295011337	110.295011337	2
110.655011337	110.655011337	3
111.015011337	111.015011337	4
111.362993197	111.362993197	1
111.733990929	111.733990929	2
112.093990929	112.093990929	3
112.453990929	112.453990929	4
112.813990929	112.813990929	1
113.173990929	113.173990929	2
113.533990929	113.533990929	3
113.893990929	113.893990929	4
114.265011337	114.265011337	1
114.625011337	114.625011337	2
114.984988662	114.984988662	3
115.344988662	115.344988662	4
115.704988662	115.704988662	1
116.064988662	116.064988662	2
116.424988662	116.424988662	3
116.784988662	116.784988662	4
117.156009070	117.156009070	1
117.516009070	117.516009070	2
117.863990929	117.863990929	3
118.223990929	118.223990929	4
118.583990929	118.583990929	1
118.932993197	118.932993197	2
119.280997732	119.280997732	3
119.640997732	119.640997732	4
119.989002267	119.989002267	1
120.337006802	120.337006802	2
120.697006802	120.697006802	3
121.057006802	121.057006802	4
121.417006802	121.417006802	1
121.765011337	121.765011337	2
122.113990929	122.113990929	3
122.461995464	122.461995464	4
122.821995464	122.821995464	1
123.170000000	123.170000000	2
123.519002267	123.519002267	3
123.878004535	123.878004535	4
124.227006802	124.227006802	1
124.575011337	124.575011337	2
124.935011337	124.935011337	3
125.282993197	125.282993197	4
125.631995464	125.631995464	1
125.980000000	125.980000000	2
126.328004535	126.328004535	3
126.676009070	126.676009070	4
127.025011337	127.025011337	1
127.372993197	127.372993197	2
127.732993197	127.732993197	3
128.092993197	128.092993197	4
128.440997732	128.440997732	1
128.789002267	128.789002267	2
129.149002267	129.149002267	3
129.509002267	129.509002267	4
129.869002267	129.869002267	1
130.229002267	130.229002267	2
130.577006802	130.577006802	3
130.937006802	130.937006802	4
131.297006802	131.297006802	1
131.657006802	131.657006802	2
132.017006802	132.017006802	3
132.377006802	132.377006802	4
132.737006802	132.737006802	1
133.097006802	133.097006802	2
133.457006802	133.457006802	3
133.817006802	133.817006802	4
134.177006802	134.177006802	1
134.536009070	134.536009070	2
134.896009070	134.896009070	3
135.256009070	135.256009070	4
135.616009070	135.616009070	1
135.976009070	135.976009070	2
136.336009070	136.336009070	3
136.696009070	136.696009070	4
137.043990929	137.043990929	1
137.403990929	137.403990929	2
137.763990929	137.763990929	3
138.123990929	138.123990929	4
138.483990929	138.483990929	1
138.843990929	138.843990929	2
139.203990929	139.203990929	3
139.563990929	139.563990929	4
139.922993197	139.922993197	1
140.271995464	140.271995464	2
140.631995464	140.631995464	3
140.991995464	140.991995464	4
141.350997732	141.350997732	1
141.710997732	141.710997732	2
142.070997732	142.070997732	3
142.430997732	142.430997732	4
142.790997732	142.790997732	1
143.150997732	143.150997732	2
143.510997732	143.510997732	3
143.870997732	143.870997732	4
144.230997732	144.230997732	1
144.590997732	144.590997732	2
144.950997732	144.950997732	3
145.310000000	145.310000000	4
145.670000000	145.670000000	1
146.030000000	146.030000000	2
146.390000000	146.390000000	3
146.761995464	146.761995464	4
147.121995464	147.121995464	1
147.481995464	147.481995464	2
147.840997732	147.840997732	3
