0.464	0.464	1
0.813	0.813	2
1.126	1.126	3
1.440	1.440	1
1.741	1.741	2
2.078	2.078	3
2.426	2.426	1
2.752	2.752	2
3.065	3.065	3
3.402	3.402	1
3.738	3.738	2
4.052	4.052	3
4.389	4.389	1
4.714	4.714	2
5.039	5.039	3
5.364	5.364	1
5.689	5.689	2
6.014	6.014	3
6.339	6.339	1
6.676	6.676	2
7.012	7.012	3
7.338	7.338	1
7.663	7.663	2
7.988	7.988	3
8.313	8.313	1
8.649	8.649	2
8.974	8.974	3
9.300	9.300	1
9.625	9.625	2
9.950	9.950	3
10.286	10.286	1
10.623	10.623	2
10.960	10.960	3
11.297	11.297	1
11.610	11.610	2
11.935	11.935	3
12.272	12.272	1
12.597	12.597	2
12.922	12.922	3
13.247	13.247	1
13.572	13.572	2
13.909	13.909	3
14.245	14.245	1
14.582	14.582	2
14.880	14.880	3
15.234	15.234	1
15.590	15.590	2
15.888	15.888	3
16.230	16.230	1
16.582	16.582	2
16.912	16.912	3
17.232	17.232	1
17.551	17.551	2
17.882	17.882	3
18.190	18.190	1
18.497	18.497	2
18.823	18.823	3
19.136	19.136	1
19.485	19.485	2
19.802	19.802	3
20.141	20.141	1
20.480	20.480	2
20.811	20.811	3
21.141	21.141	1
21.446	21.446	2
21.777	21.777	3
22.108	22.108	1
22.419	22.419	2
22.734	22.734	3
23.059	23.059	1
23.427	23.427	2
23.730	23.730	3
24.067	24.067	1
24.378	24.378	2
24.707	24.707	3
25.020	25.020	1
25.353	25.353	2
25.673	25.673	3
26.020	26.020	1
26.358	26.358	2
26.717	26.717	3
27.012	27.012	1
27.331	27.331	2
27.640	27.640	3
27.965	27.965	1
28.320	28.320	2
28.656	28.656	3
29.007	29.007	1
29.339	29.339	2
29.685	29.685	3
30.032	30.032	1
30.339	30.339	2
30.661	30.661	3
31.002	31.002	1
31.328	31.328	2
31.680	31.680	3
32.038	32.038	1
32.378	32.378	2
32.697	32.697	3
33.007	33.007	1
33.383	33.383	2
33.692	33.692	3
34.038	34.038	1
34.387	34.387	2
34.740	34.740	3
35.073	35.073	1
35.388	35.388	2
35.737	35.737	3
36.086	36.086	1
36.395	36.395	2
36.725	36.725	3
37.040	37.040	1
37.381	37.381	2
37.695	37.695	3
38.032	38.032	1
38.345	38.345	2
38.662	38.662	3
38.977	38.977	1
39.346	39.346	2
39.714	39.714	3
40.031	40.031	1
40.334	40.334	2
40.660	40.660	3
41.008	41.008	1
41.352	41.352	2
41.677	41.677	3
41.999	41.999	1
42.350	42.350	2
42.703	42.703	3
43.033	43.033	1
43.334	43.334	2
43.672	43.672	3
43.998	43.998	1
44.307	44.307	2
44.629	44.629	3
44.954	44.954	1
45.296	45.296	2
45.606	45.606	3
45.935	45.935	1
46.300	46.300	2
46.630	46.630	3
46.945	46.945	1
47.292	47.292	2
47.653	47.653	3
47.949	47.949	1
48.263	48.263	2
48.623	48.623	3
48.982	48.982	1
49.308	49.308	2
49.633	49.633	3
49.969	49.969	1
50.306	50.306	2
50.643	50.643	3
50.979	50.979	1
51.316	51.316	2
51.653	51.653	3
51.989	51.989	1
52.315	52.315	2
52.640	52.640	3
52.976	52.976	1
53.313	53.313	2
53.650	53.650	3
53.998	53.998	1
54.335	54.335	2
54.660	54.660	3
54.996	54.996	1
55.333	55.333	2
55.658	55.658	3
55.995	55.995	1
56.320	56.320	2
56.657	56.657	3
56.993	56.993	1
57.330	57.330	2
57.667	57.667	3
58.015	58.015	1
58.352	58.352	2
58.688	58.688	3
59.037	59.037	1
59.373	59.373	2
59.710	59.710	3
60.058	60.058	1
60.383	60.383	2
60.720	60.720	3
61.057	61.057	1
61.394	61.394	2
61.730	61.730	3
62.079	62.079	1
62.427	62.427	2
62.764	62.764	3
63.112	63.112	1
63.449	63.449	2
63.797	63.797	3
64.134	64.134	1
64.470	64.470	2
64.818	64.818	3
65.144	65.144	1
65.480	65.480	2
65.817	65.817	3
66.165	66.165	1
66.502	66.502	2
66.839	66.839	3
67.175	67.175	1
67.512	67.512	2
67.849	67.849	3
68.197	68.197	1
68.534	68.534	2
68.870	68.870	3
69.195	69.195	1
69.521	69.521	2
69.857	69.857	3
70.194	70.194	1
70.531	70.531	2
70.867	70.867	3
71.204	71.204	1
71.541	71.541	2
71.877	71.877	3
72.202	72.202	1
72.539	72.539	2
72.876	72.876	3
73.212	73.212	1
73.549	73.549	2
73.886	73.886	3
74.223	74.223	1
74.571	74.571	2
74.908	74.908	3
75.244	75.244	1
75.581	75.581	2
75.918	75.918	3
76.266	76.266	1
76.603	76.603	2
76.951	76.951	3
77.288	77.288	1
77.624	77.624	2
77.973	77.973	3
78.321	78.321	1
78.658	78.658	2
78.994	78.994	3
79.331	79.331	1
79.668	79.668	2
80.004	80.004	3
80.353	80.353	1
80.701	80.701	2
81.038	81.038	3
81.386	81.386	1
81.734	81.734	2
82.083	82.083	3
82.431	82.431	1
82.768	82.768	2
83.104	83.104	3
83.441	83.441	1
83.778	83.778	2
84.103	84.103	3
84.439	84.439	1
84.776	84.776	2
85.113	85.113	3
85.461	85.461	1
85.809	85.809	2
86.146	86.146	3
86.483	86.483	1
86.819	86.819	2
87.156	87.156	3
87.493	87.493	1
87.829	87.829	2
88.178	88.178	3
88.514	88.514	1
88.851	88.851	2
89.199	89.199	3
89.536	89.536	1
89.873	89.873	2
90.210	90.210	3
90.535	90.535	1
90.871	90.871	2
91.208	91.208	3
91.545	91.545	1
91.881	91.881	2
92.218	92.218	3
92.555	92.555	1
92.891	92.891	2
93.240	93.240	3
93.576	93.576	1
93.913	93.913	2
94.250	94.250	3
94.586	94.586	1
94.935	94.935	2
95.271	95.271	3
95.620	95.620	1
95.956	95.956	2
96.293	96.293	3
96.641	96.641	1
96.978	96.978	2
97.315	97.315	3
97.651	97.651	1
97.988	97.988	2
98.313	98.313	3
98.650	98.650	1
98.998	98.998	2
99.335	99.335	3
99.683	99.683	1
100.020	100.020	2
100.357	100.357	3
100.705	100.705	1
101.042	101.042	2
101.378	101.378	3
101.715	101.715	1
102.063	102.063	2
102.412	102.412	3
102.748	102.748	1
103.097	103.097	2
103.433	103.433	3
103.782	103.782	1
104.118	104.118	2
104.467	104.467	3
104.803	104.803	1
105.140	105.140	2
105.488	105.488	3
105.837	105.837	1
106.173	106.173	2
106.510	106.510	3
106.858	106.858	1
107.207	107.207	2
107.543	107.543	3
107.880	107.880	1
108.228	108.228	2
108.565	108.565	3
108.913	108.913	1
109.250	109.250	2
109.587	109.587	3
109.935	109.935	1
110.272	110.272	2
110.608	110.608	3
110.968	110.968	1
111.316	111.316	2
111.653	111.653	3
111.990	111.990	1
112.338	112.338	2
112.675	112.675	3
113.011	113.011	1
113.348	113.348	2
113.697	113.697	3
114.033	114.033	1
114.370	114.370	2
114.718	114.718	3
115.066	115.066	1
115.403	115.403	2
115.740	115.740	3
116.077	116.077	1
116.402	116.402	2
116.738	116.738	3
117.087	117.087	1
117.435	117.435	2
117.772	117.772	3
118.108	118.108	1
118.457	118.457	2
118.805	118.805	3
119.165	119.165	1
