0.441	0.441	1
0.952	0.952	2
1.463	1.463	3
1.950	1.950	4
2.438	2.438	1
2.926	2.926	2
3.437	3.437	3
3.947	3.947	4
4.447	4.447	1
4.934	4.934	2
5.457	5.457	3
5.968	5.968	4
6.490	6.490	1
7.012	7.012	2
7.535	7.535	3
8.046	8.046	4
8.568	8.568	1
9.091	9.091	2
9.613	9.613	3
10.112	10.112	4
10.635	10.635	1
11.146	11.146	2
11.668	11.668	3
12.179	12.179	4
12.713	12.713	1
13.224	13.224	2
13.746	13.746	3
14.257	14.257	4
14.768	14.768	1
15.279	15.279	2
15.801	15.801	3
16.300	16.300	4
16.823	16.823	1
17.345	17.345	2
17.868	17.868	3
18.367	18.367	4
18.878	18.878	1
19.377	19.377	2
19.899	19.899	3
20.422	20.422	4
20.944	20.944	1
21.444	21.444	2
21.954	21.954	3
22.477	22.477	4
22.988	22.988	1
23.510	23.510	2
24.021	24.021	3
24.520	24.520	4
25.043	25.043	1
25.554	25.554	2
26.064	26.064	3
26.564	26.564	4
27.086	27.086	1
27.585	27.585	2
28.108	28.108	3
28.607	28.607	4
29.118	29.118	1
29.629	29.629	2
30.151	30.151	3
30.650	30.650	4
31.173	31.173	1
31.684	31.684	2
32.206	32.206	3
32.717	32.717	4
33.239	33.239	1
33.750	33.750	2
34.273	34.273	3
34.783	34.783	4
35.294	35.294	1
35.794	35.794	2
36.304	36.304	3
36.804	36.804	4
37.314	37.314	1
37.825	37.825	2
38.325	38.325	3
38.824	38.824	4
39.335	39.335	1
39.845	39.845	2
40.368	40.368	3
40.867	40.867	4
41.390	41.390	1
41.889	41.889	2
42.400	42.400	3
42.887	42.887	4
43.398	43.398	1
43.897	43.897	2
44.408	44.408	3
44.907	44.907	4
45.418	45.418	1
45.917	45.917	2
46.428	46.428	3
46.928	46.928	4
47.438	47.438	1
47.949	47.949	2
48.460	48.460	3
48.971	48.971	4
49.482	49.482	1
49.981	49.981	2
50.503	50.503	3
51.003	51.003	4
51.525	51.525	1
52.036	52.036	2
52.547	52.547	3
53.058	53.058	4
53.580	53.580	1
54.079	54.079	2
54.602	54.602	3
55.089	55.089	4
55.600	55.600	1
56.111	56.111	2
56.622	56.622	3
57.121	57.121	4
57.632	57.632	1
58.143	58.143	2
58.654	58.654	3
59.153	59.153	4
59.664	59.664	1
60.163	60.163	2
60.674	60.674	3
61.173	61.173	4
61.684	61.684	1
62.183	62.183	2
62.694	62.694	3
63.181	63.181	4
63.692	63.692	1
64.192	64.192	2
64.702	64.702	3
65.213	65.213	4
65.736	65.736	1
66.235	66.235	2
66.746	66.746	3
67.233	67.233	4
67.756	67.756	1
68.255	68.255	2
68.754	68.754	3
69.254	69.254	4
69.753	69.753	1
70.252	70.252	2
70.751	70.751	3
71.250	71.250	4
71.761	71.761	1
72.272	72.272	2
72.783	72.783	3
73.282	73.282	4
73.793	73.793	1
74.304	74.304	2
74.803	74.803	3
75.302	75.302	4
75.813	75.813	1
76.324	76.324	2
76.835	76.835	3
77.334	77.334	4
77.845	77.845	1
78.356	78.356	2
78.878	78.878	3
79.377	79.377	4
79.888	79.888	1
80.387	80.387	2
80.898	80.898	3
81.409	81.409	4
81.920	81.920	1
82.408	82.408	2
82.930	82.930	3
83.441	83.441	4
83.940	83.940	1
84.439	84.439	2
84.950	84.950	3
85.449	85.449	4
85.960	85.960	1
86.459	86.459	2
86.970	86.970	3
87.470	87.470	4
87.969	87.969	1
88.468	88.468	2
88.967	88.967	3
89.466	89.466	4
89.977	89.977	1
90.488	90.488	2
90.987	90.987	3
91.498	91.498	4
92.009	92.009	1
92.508	92.508	2
93.031	93.031	3
93.530	93.530	4
94.041	94.041	1
94.540	94.540	2
95.051	95.051	3
95.538	95.538	4
96.049	96.049	1
96.549	96.549	2
97.059	97.059	3
97.570	97.570	4
98.081	98.081	1
98.580	98.580	2
99.091	99.091	3
99.590	99.590	4
100.101	100.101	1
100.612	100.612	2
101.123	101.123	3
101.622	101.622	4
102.133	102.133	1
102.632	102.632	2
103.131	103.131	3
103.642	103.642	4
104.153	104.153	1
104.664	104.664	2
105.163	105.163	3
105.674	105.674	4
106.173	106.173	1
106.684	106.684	2
107.195	107.195	3
107.694	107.694	4
108.205	108.205	1
108.704	108.704	2
109.215	109.215	3
109.714	109.714	4
110.225	110.225	1
110.736	110.736	2
111.258	111.258	3
111.758	111.758	4
112.268	112.268	1
112.768	112.768	2
113.279	113.279	3
113.778	113.778	4
114.289	114.289	1
114.788	114.788	2
115.310	115.310	3
115.810	115.810	4
116.320	116.320	1
116.843	116.843	2
117.354	117.354	3
117.864	117.864	4
118.399	118.399	1
118.933	118.933	2
119.467	119.467	3
119.989	119.989	4
120.535	120.535	1
121.069	121.069	2
121.603	121.603	3
122.125	122.125	4
122.671	122.671	1
123.217	123.217	2
123.751	123.751	3
124.273	124.273	4
124.807	124.807	1
125.341	125.341	2
125.887	125.887	3
126.421	126.421	4
126.955	126.955	1
127.478	127.478	2
128.023	128.023	3
128.557	128.557	4
129.091	129.091	1
129.637	129.637	2
130.194	130.194	3
130.740	130.740	4
131.286	131.286	1
131.820	131.820	2
132.377	132.377	3
132.911	132.911	4
133.457	133.457	1
134.002	134.002	2
134.536	134.536	3
135.059	135.059	4
135.605	135.605	1
136.139	136.139	2
136.696	136.696	3
137.218	137.218	4
137.741	137.741	1
138.286	138.286	2
138.832	138.832	3
139.366	139.366	4
139.900	139.900	1
140.446	140.446	2
140.992	140.992	3
141.549	141.549	4
142.094	142.094	1
142.640	142.640	2
143.186	143.186	3
143.720	143.720	4
144.277	144.277	1
144.834	144.834	2
145.380	145.380	3
145.926	145.926	4
146.471	146.471	1
147.006	147.006	2
147.563	147.563	3
148.108	148.108	4
148.666	148.666	1
149.211	149.211	2
149.757	149.757	3
150.314	150.314	4
150.860	150.860	1
151.406	151.406	2
151.951	151.951	3
152.497	152.497	4
153.043	153.043	1
153.612	153.612	2
154.157	154.157	3
154.691	154.691	4
155.237	155.237	1
155.771	155.771	2
156.317	156.317	3
156.874	156.874	4
157.420	157.420	1
157.965	157.965	2
158.511	158.511	3
159.080	159.080	4
159.660	159.660	1
