0.436	0.436	1
0.903	0.903	2
1.346	1.346	3
1.794	1.794	4
2.263	2.263	1
2.720	2.720	2
3.177	3.177	3
3.621	3.621	4
4.098	4.098	1
4.574	4.574	2
5.039	5.039	3
5.503	5.503	4
5.968	5.968	1
6.420	6.420	2
6.885	6.885	3
7.349	7.349	4
7.825	7.825	1
8.290	8.290	2
8.754	8.754	3
9.207	9.207	4
9.671	9.671	1
10.147	10.147	2
10.611	10.611	3
11.088	11.088	4
11.564	11.564	1
12.028	12.028	2
12.492	12.492	3
12.945	12.945	4
13.410	13.410	1
13.874	13.874	2
14.327	14.327	3
14.791	14.791	4
15.255	15.255	1
15.720	15.720	2
16.184	16.184	3
16.649	16.649	4
17.125	17.125	1
17.578	17.578	2
18.030	18.030	3
18.483	18.483	4
18.959	18.959	1
19.435	19.435	2
19.899	19.899	3
20.375	20.375	4
20.840	20.840	1
21.293	21.293	2
21.757	21.757	3
22.221	22.221	4
22.698	22.698	1
23.150	23.150	2
23.615	23.615	3
24.079	24.079	4
24.543	24.543	1
25.008	25.008	2
25.472	25.472	3
25.937	25.937	4
26.401	26.401	1
26.854	26.854	2
27.307	27.307	3
27.771	27.771	4
28.235	28.235	1
28.688	28.688	2
29.153	29.153	3
29.617	29.617	4
30.081	30.081	1
30.534	30.534	2
30.999	30.999	3
31.463	31.463	4
31.939	31.939	1
32.392	32.392	2
32.845	32.845	3
33.297	33.297	4
33.762	33.762	1
34.226	34.226	2
34.702	34.702	3
35.167	35.167	4
35.631	35.631	1
36.095	36.095	2
36.560	36.560	3
37.024	37.024	4
37.489	37.489	1
37.941	37.941	2
38.417	38.417	3
38.870	38.870	4
39.335	39.335	1
39.799	39.799	2
40.263	40.263	3
40.728	40.728	4
41.192	41.192	1
41.657	41.657	2
42.121	42.121	3
42.585	42.585	4
43.050	43.050	1
43.514	43.514	2
43.990	43.990	3
44.455	44.455	4
44.931	44.931	1
45.395	45.395	2
45.859	45.859	3
46.324	46.324	4
46.788	46.788	1
47.253	47.253	2
47.729	47.729	3
48.205	48.205	4
48.681	48.681	1
49.145	49.145	2
49.621	49.621	3
50.085	50.085	4
50.550	50.550	1
51.014	51.014	2
51.490	51.490	3
51.955	51.955	4
52.442	52.442	1
52.907	52.907	2
53.371	53.371	3
53.847	53.847	4
54.311	54.311	1
54.787	54.787	2
55.263	55.263	3
55.739	55.739	4
56.215	56.215	1
56.680	56.680	2
57.144	57.144	3
57.620	57.620	4
58.096	58.096	1
58.561	58.561	2
59.025	59.025	3
59.501	59.501	4
59.977	59.977	1
60.453	60.453	2
60.929	60.929	3
61.394	61.394	4
61.881	61.881	1
62.334	62.334	2
62.798	62.798	3
63.251	63.251	4
63.727	63.727	1
64.192	64.192	2
64.668	64.668	3
65.144	65.144	4
65.608	65.608	1
66.084	66.084	2
66.548	66.548	3
67.013	67.013	4
67.489	67.489	1
67.965	67.965	2
68.441	68.441	3
68.905	68.905	4
69.381	69.381	1
69.857	69.857	2
70.322	70.322	3
70.786	70.786	4
71.262	71.262	1
71.726	71.726	2
72.191	72.191	3
72.667	72.667	4
73.143	73.143	1
73.607	73.607	2
74.083	74.083	3
74.548	74.548	4
75.024	75.024	1
75.488	75.488	2
75.964	75.964	3
76.428	76.428	4
76.893	76.893	1
77.357	77.357	2
77.822	77.822	3
78.286	78.286	4
78.762	78.762	1
79.226	79.226	2
79.691	79.691	3
80.155	80.155	4
80.631	80.631	1
81.107	81.107	2
81.583	81.583	3
82.059	82.059	4
82.535	82.535	1
83.000	83.000	2
83.464	83.464	3
83.940	83.940	4
84.416	84.416	1
84.892	84.892	2
85.368	85.368	3
85.844	85.844	4
86.332	86.332	1
86.796	86.796	2
87.272	87.272	3
87.748	87.748	4
88.224	88.224	1
88.700	88.700	2
89.176	89.176	3
89.652	89.652	4
90.128	90.128	1
90.604	90.604	2
91.080	91.080	3
91.556	91.556	4
92.032	92.032	1
92.497	92.497	2
92.961	92.961	3
93.425	93.425	4
93.890	93.890	1
94.366	94.366	2
94.842	94.842	3
95.306	95.306	4
95.782	95.782	1
96.258	96.258	2
96.734	96.734	3
97.199	97.199	4
97.675	97.675	1
98.139	98.139	2
98.627	98.627	3
99.091	99.091	4
99.567	99.567	1
100.055	100.055	2
100.531	100.531	3
101.007	101.007	4
101.494	101.494	1
101.970	101.970	2
102.446	102.446	3
102.922	102.922	4
103.398	103.398	1
103.886	103.886	2
104.362	104.362	3
104.838	104.838	4
105.326	105.326	1
105.790	105.790	2
106.266	106.266	3
106.742	106.742	4
107.218	107.218	1
107.694	107.694	2
108.170	108.170	3
108.646	108.646	4
109.122	109.122	1
109.598	109.598	2
110.086	110.086	3
110.562	110.562	4
111.038	111.038	1
111.514	111.514	2
112.001	112.001	3
112.489	112.489	4
112.977	112.977	1
113.453	113.453	2
113.917	113.917	3
114.393	114.393	4
114.869	114.869	1
115.357	115.357	2
115.833	115.833	3
116.309	116.309	4
116.796	116.796	1
117.272	117.272	2
117.760	117.760	3
118.236	118.236	4
118.724	118.724	1
119.200	119.200	2
119.676	119.676	3
120.152	120.152	4
120.628	120.628	1
121.115	121.115	2
121.591	121.591	3
122.067	122.067	4
122.555	122.555	1
123.019	123.019	2
123.495	123.495	3
123.960	123.960	4
124.447	124.447	1
124.935	124.935	2
125.423	125.423	3
125.887	125.887	4
126.363	126.363	1
126.851	126.851	2
127.327	127.327	3
127.791	127.791	4
128.279	128.279	1
128.743	128.743	2
129.219	129.219	3
129.695	129.695	4
130.171	130.171	1
130.647	130.647	2
131.123	131.123	3
131.587	131.587	4
132.063	132.063	1
132.539	132.539	2
133.015	133.015	3
133.480	133.480	4
133.968	133.968	1
134.432	134.432	2
134.908	134.908	3
135.384	135.384	4
135.872	135.872	1
