0.185759637	4
0.510839002	1
0.859138321	2
1.207437641	3
1.544126984	4
1.857596371	1
2.182675736	2
2.507755102	3
2.879274376	4
3.227573696	1
3.541043083	2
3.854512471	3
4.191201814	4
4.527891156	1
4.864580498	2
5.189659863	3
5.526349206	4
5.863038548	1
6.199727891	2
6.536417233	3
6.884716553	4
7.233015873	1
7.569705215	2
7.906394557	3
8.231473922	4
8.556553287	1
8.881632653	2
9.206712018	3
9.543401360	4
9.880090702	1
10.216780045	2
10.553469387	3
10.878548752	4
11.203628117	1
11.528707482	2
11.853786848	3
12.190476190	4
12.527165532	1
12.863854875	2
13.200544217	3
13.537233560	4
13.862312925	1
14.187392290	2
14.524081632	3
14.860770975	4
15.185850340	1
15.522539682	2
15.859229024	3
16.195918367	4
16.532607709	1
16.857687074	2
17.182766439	3
17.519455782	4
17.856145124	1
18.192834467	2
18.541133786	3
18.866213151	4
19.191292517	1
19.527981859	2
19.864671201	3
20.201360544	4
20.526439909	1
20.863129251	2
21.188208616	3
21.536507936	4
21.873197278	1
22.198276643	2
22.534965986	3
22.871655328	4
23.208344671	1
23.545034013	2
23.870113378	3
24.195192743	4
24.520272108	1
24.845351473	2
25.182040816	3
25.518730158	4
25.855419501	1
26.180498866	2
26.517188208	3
26.853877551	4
27.190566893	1
27.527256235	2
27.863945578	3
28.200634920	4
28.537324263	1
28.874013605	2
29.210702947	3
29.535782312	4
29.872471655	1
30.209160997	2
30.545850340	3
30.894149659	4
31.230839002	1
31.555918367	2
31.892607709	3
32.217687074	4
32.554376417	1
32.891065759	2
33.216145124	3
33.552834467	4
33.877913832	1
34.214603174	2
34.551292517	3
34.899591836	4
35.224671201	1
35.549750566	2
35.874829931	3
36.211519274	4
36.548208616	1
36.873287981	2
37.198367346	3
37.535056689	4
37.860136054	1
38.196825396	2
38.533514739	3
38.870204081	4
39.206893424	1
39.543582766	2
39.868662131	3
40.205351473	4
40.542040816	1
40.878730158	2
41.203809523	3
41.540498866	4
41.877188208	1
42.213877551	2
42.550566893	3
42.875646258	4
43.200725623	1
43.537414965	2
43.862494331	3
44.187573696	4
44.524263038	1
44.849342403	2
45.186031746	3
45.522721088	4
45.859410430	1
46.196099773	2
46.532789115	3
46.869478458	4
47.206167800	1
47.531247165	2
47.867936507	3
48.204625850	4
48.541315192	1
48.866394557	2
49.203083900	3
49.539773242	4
49.864852607	1
50.201541950	2
50.526621315	3
50.863310657	4
51.200000000	1
51.536689342	2
51.873378684	3
52.198458049	4
52.523537414	1
52.860226757	2
53.196916099	3
53.533605442	4
53.870294784	1
54.195374149	2
54.532063492	3
54.868752834	4
55.205442176	1
55.542131519	2
55.878820861	3
56.215510204	4
56.552199546	1
56.877278911	2
57.213968253	3
57.550657596	4
57.875736961	1
58.212426303	2
58.537505668	3
58.874195011	4
59.210884353	1
59.535963718	2
59.872653061	3
60.209342403	4
60.546031746	1
60.882721088	2
61.207800453	3
61.532879818	4
61.869569160	1
62.206258503	2
62.542947845	3
62.879637188	4
63.216326530	1
63.541405895	2
63.866485260	1
64.191564625	2
64.528253968	3
64.853333333	4
65.190022675	1
65.526712018	2
65.863401360	3
66.200090702	4
66.525170068	1
66.861859410	2
67.198548752	3
67.535238095	4
67.860317460	1
68.185396825	2
68.522086167	3
68.858775510	4
69.183854875	1
69.520544217	2
69.845623582	3
70.182312925	4
70.507392290	1
70.844081632	2
71.169160997	3
71.494240362	4
71.830929705	1
72.167619047	2
72.504308390	3
72.840997732	4
73.177687074	1
73.514376417	2
73.851065759	3
74.187755102	4
74.524444444	1
74.861133786	2
75.197823129	3
75.534512471	4
75.871201814	1
76.196281179	2
76.532970521	3
76.869659863	4
77.206349206	1
77.543038548	2
77.868117913	3
78.193197278	4
78.529886621	1
78.854965986	2
79.191655328	3
79.516734693	4
79.841814058	1
80.178503401	2
80.503582766	3
80.828662131	4
81.165351473	1
81.502040816	2
81.827120181	3
82.163809523	4
82.500498866	1
82.825578231	2
83.150657596	3
83.475736961	4
83.812426303	1
84.149115646	2
84.497414965	3
84.834104308	4
85.170793650	1
85.507482993	2
85.844172335	3
86.192471655	4
86.540770975	1
86.889070294	2
87.248979591	3
87.585668934	4
87.910748299	1
88.235827664	2
88.560907029	3
88.885986394	4
89.211065759	1
89.547755102	2
89.872834467	3
90.209523809	4
90.534603174	1
90.871292517	2
91.207981859	3
91.544671201	4
91.881360544	1
92.206439909	2
92.543129251	3
92.868208616	4
93.204897959	1
93.529977324	2
93.855056689	3
94.180136054	4
94.505215419	1
94.841904761	2
95.178594104	3
95.515283446	4
95.851972789	1
96.188662131	2
96.525351473	3
96.862040816	4
97.187120181	1
97.523809523	2
97.860498866	3
98.197188208	4
98.533877551	1
98.870566893	2
99.207256235	3
99.543945578	4
99.880634920	1
100.205714285	2
100.542403628	3
100.879092970	4
101.215782312	1
101.552471655	2
101.889160997	3
102.225850340	4
102.550929705	1
102.876009070	2
103.212698412	3
103.549387755	4
103.886077097	1
104.211156462	2
104.547845804	3
104.884535147	4
105.209614512	1
105.534693877	2
105.859773242	3
106.196462585	4
106.544761904	1
106.881451247	2
107.218140589	3
107.543219954	4
107.879909297	1
108.228208616	2
108.553287981	3
108.878367346	4
109.203446712	1
109.540136054	2
109.865215419	3
110.201904761	4
110.526984126	1
110.852063492	2
111.188752834	3
111.525442176	4
111.862131519	1
112.198820861	2
112.535510204	3
112.872199546	4
113.208888888	1
113.522358276	2
113.847437641	3
114.184126984	4
114.520816326	1
114.857505668	2
115.194195011	3
115.530884353	4
115.855963718	1
116.192653061	2
116.529342403	3
116.866031746	4
117.202721088	1
117.539410430	2
117.876099773	3
118.212789115	4
118.537868480	1
118.862947845	2
119.199637188	3
119.524716553	4
119.861405895	1
120.198095238	2
120.534784580	3
120.871473922	4
121.208163265	1
121.533242630	2
121.869931972	3
122.206621315	4
122.543310657	1
122.868390022	2
123.205079365	3
123.553378684	4
123.890068027	1
124.203537414	2
124.528616780	3
124.853696145	4
125.190385487	1
125.527074829	2
125.863764172	3
126.200453514	4
126.537142857	1
126.873832199	2
127.210521541	3
127.547210884	4
127.872290249	1
128.208979591	2
128.545668934	3
128.870748299	4
129.195827664	1
129.520907029	2
129.845986394	3
130.171065759	4
130.507755102	1
130.844444444	2
131.181133786	3
131.529433106	4
131.866122448	1
132.202811791	2
132.539501133	3
132.876190476	4
133.212879818	1
133.549569160	2
133.886258503	3
134.211337868	4
134.536417233	1
134.861496598	2
135.186575963	3
135.523265306	4
135.859954648	1
136.196643990	2
136.533333333	3
136.870022675	4
137.206712018	1
137.543401360	2
137.880090702	3
138.216780045	4
138.553469387	1
138.878548752	2
139.215238095	3
139.551927437	4
139.877006802	1
140.202086167	2
140.538775510	3
140.875464852	4
141.200544217	1
141.525623582	2
141.862312925	3
142.210612244	4
142.547301587	1
142.883990929	2
143.220680272	3
143.557369614	4
143.894058956	1
144.219138321	2
144.555827664	3
144.892517006	4
145.217596371	1
145.542675736	2
145.890975056	3
146.227664399	4
146.552743764	1
146.877823129	2
147.214512471	3
147.539591836	4
147.864671201	1
148.201360544	2
148.538049886	3
148.874739229	4
149.211428571	1
149.548117913	2
149.884807256	3
150.221496598	4
150.534965986	1
150.860045351	2
151.196734693	3
151.533424036	4
151.881723356	1
152.218412698	2
152.555102040	3
152.880181405	4
153.205260770	1
153.530340136	2
153.855419501	3
154.192108843	4
154.528798185	1
154.865487528	2
155.202176870	3
155.527256235	4
155.863945578	1
156.189024943	2
156.514104308	3
156.850793650	4
157.187482993	1
157.512562358	2
157.849251700	3
158.185941043	4
158.522630385	1
158.859319727	2
159.184399092	3
159.532698412	4
159.869387755	1
160.206077097	2
160.531156462	3
160.867845804	4
161.192925170	1
161.529614512	2
161.866303854	3
162.191383219	4
162.516462585	1
162.829931972	2
163.166621315	3
163.503310657	4
163.828390022	1
164.176689342	2
164.524988662	3
164.861678004	4
165.186757369	1
165.523446712	2
165.860136054	3
166.196825396	4
166.521904761	1
166.858594104	2
167.183673469	3
167.520362811	4
167.845442176	1
168.182131519	2
168.507210884	3
168.843900226	4
169.168979591	1
169.505668934	2
169.842358276	3
170.179047619	4
170.504126984	1
170.840816326	2
171.177505668	3
171.514195011	4
171.850884353	1
172.187573696	2
172.512653061	3
172.849342403	4
173.186031746	1
173.522721088	2
173.859410430	3
174.196099773	4
174.521179138	1
174.834648526	2
175.148117913	3
175.484807256	4
175.844897959	1
176.179591836	2
176.530612244	3
176.865306122	4
177.167346938	1
177.510204081	2
177.812244897	3
178.155102040	4
178.605804988	1
