1.289	1.289	1
1.683	1.683	2
2.067	2.067	3
2.438	2.438	4
2.810	2.810	1
3.181	3.181	2
3.564	3.564	3
3.947	3.947	4
4.330	4.330	1
4.702	4.702	2
5.085	5.085	3
5.468	5.468	4
5.851	5.851	1
6.235	6.235	2
6.606	6.606	3
6.989	6.989	4
7.361	7.361	1
7.732	7.732	2
8.115	8.115	3
8.510	8.510	4
8.905	8.905	1
9.288	9.288	2
9.671	9.671	3
10.054	10.054	4
10.437	10.437	1
10.832	10.832	2
11.227	11.227	3
11.610	11.610	4
11.993	11.993	1
12.376	12.376	2
12.759	12.759	3
13.142	13.142	4
13.526	13.526	1
13.897	13.897	2
14.269	14.269	3
14.640	14.640	4
15.023	15.023	1
15.406	15.406	2
15.790	15.790	3
16.161	16.161	4
16.544	16.544	1
16.939	16.939	2
17.334	17.334	3
17.717	17.717	4
18.100	18.100	1
18.483	18.483	2
18.866	18.866	3
19.249	19.249	4
19.644	19.644	1
20.027	20.027	2
20.410	20.410	3
20.805	20.805	4
21.188	21.188	1
21.571	21.571	2
21.954	21.954	3
22.349	22.349	4
22.744	22.744	1
23.139	23.139	2
23.522	23.522	3
23.893	23.893	4
24.276	24.276	1
24.660	24.660	2
25.054	25.054	3
25.449	25.449	4
25.832	25.832	1
26.227	26.227	2
26.610	26.610	3
26.982	26.982	4
27.365	27.365	1
27.748	27.748	2
28.131	28.131	3
28.514	28.514	4
28.886	28.886	1
29.257	29.257	2
29.640	29.640	3
30.035	30.035	4
30.430	30.430	1
30.813	30.813	2
31.196	31.196	3
31.579	31.579	4
31.951	31.951	1
32.334	32.334	2
32.717	32.717	3
33.100	33.100	4
33.495	33.495	1
33.890	33.890	2
34.273	34.273	3
34.656	34.656	4
35.050	35.050	1
35.434	35.434	2
35.828	35.828	3
36.211	36.211	4
36.595	36.595	1
36.989	36.989	2
37.384	37.384	3
37.779	37.779	4
38.174	38.174	1
38.557	38.557	2
38.940	38.940	3
39.323	39.323	4
39.718	39.718	1
40.101	40.101	2
40.496	40.496	3
40.879	40.879	4
41.262	41.262	1
41.645	41.645	2
42.028	42.028	3
42.411	42.411	4
42.794	42.794	1
43.189	43.189	2
43.572	43.572	3
43.955	43.955	4
44.338	44.338	1
44.722	44.722	2
45.105	45.105	3
45.499	45.499	4
45.894	45.894	1
46.277	46.277	2
46.660	46.660	3
47.044	47.044	4
47.438	47.438	1
47.833	47.833	2
48.216	48.216	3
48.599	48.599	4
48.982	48.982	1
49.366	49.366	2
49.749	49.749	3
50.143	50.143	4
50.538	50.538	1
50.921	50.921	2
51.304	51.304	3
51.688	51.688	4
52.082	52.082	1
52.465	52.465	2
52.849	52.849	3
53.232	53.232	4
53.615	53.615	1
54.010	54.010	2
54.393	54.393	3
54.776	54.776	4
55.171	55.171	1
55.554	55.554	2
55.937	55.937	3
56.332	56.332	4
56.715	56.715	1
57.098	57.098	2
57.481	57.481	3
57.864	57.864	4
58.247	58.247	1
58.642	58.642	2
59.025	59.025	3
59.420	59.420	4
59.791	59.791	1
60.186	60.186	2
60.581	60.581	3
60.964	60.964	4
61.359	61.359	1
61.730	61.730	2
62.113	62.113	3
62.496	62.496	4
62.891	62.891	1
63.286	63.286	2
63.657	63.657	3
64.029	64.029	4
64.412	64.412	1
64.795	64.795	2
65.167	65.167	3
65.538	65.538	4
65.921	65.921	1
66.305	66.305	2
66.688	66.688	3
67.071	67.071	4
67.454	67.454	1
67.825	67.825	2
68.209	68.209	3
68.580	68.580	4
68.963	68.963	1
69.346	69.346	2
69.730	69.730	3
70.101	70.101	4
70.473	70.473	1
70.856	70.856	2
71.239	71.239	3
71.622	71.622	4
72.005	72.005	1
72.388	72.388	2
72.771	72.771	3
73.154	73.154	4
73.538	73.538	1
73.921	73.921	2
74.315	74.315	3
74.699	74.699	4
75.082	75.082	1
75.465	75.465	2
75.860	75.860	3
76.243	76.243	4
76.626	76.626	1
77.009	77.009	2
77.392	77.392	3
77.787	77.787	4
78.182	78.182	1
78.565	78.565	2
78.936	78.936	3
79.319	79.319	4
79.714	79.714	1
80.109	80.109	2
80.492	80.492	3
80.875	80.875	4
81.258	81.258	1
81.641	81.641	2
82.036	82.036	3
82.419	82.419	4
82.814	82.814	1
83.197	83.197	2
83.592	83.592	3
83.987	83.987	4
84.370	84.370	1
84.764	84.764	2
85.159	85.159	3
85.554	85.554	4
85.949	85.949	1
86.343	86.343	2
86.738	86.738	3
87.121	87.121	4
87.504	87.504	1
87.887	87.887	2
88.282	88.282	3
88.665	88.665	4
89.060	89.060	1
89.455	89.455	2
89.838	89.838	3
90.221	90.221	4
90.616	90.616	1
91.011	91.011	2
91.394	91.394	3
91.777	91.777	4
92.148	92.148	1
92.543	92.543	2
92.938	92.938	3
93.321	93.321	4
93.716	93.716	1
94.099	94.099	2
94.482	94.482	3
94.877	94.877	4
95.260	95.260	1
95.643	95.643	2
96.026	96.026	3
96.421	96.421	4
96.816	96.816	1
97.199	97.199	2
97.593	97.593	3
97.977	97.977	4
98.360	98.360	1
98.743	98.743	2
99.126	99.126	3
99.521	99.521	4
99.915	99.915	1
100.299	100.299	2
100.682	100.682	3
101.076	101.076	4
101.460	101.460	1
101.843	101.843	2
102.226	102.226	3
102.609	102.609	4
102.992	102.992	1
103.387	103.387	2
103.770	103.770	3
104.153	104.153	4
104.548	104.548	1
104.943	104.943	2
105.326	105.326	3
105.720	105.720	4
106.104	106.104	1
106.487	106.487	2
106.881	106.881	3
107.265	107.265	4
107.659	107.659	1
108.042	108.042	2
108.437	108.437	3
108.820	108.820	4
109.215	109.215	1
109.610	109.610	2
109.993	109.993	3
110.376	110.376	4
110.759	110.759	1
111.142	111.142	2
111.525	111.525	3
111.909	111.909	4
112.292	112.292	1
112.686	112.686	2
113.070	113.070	3
113.464	113.464	4
113.859	113.859	1
114.242	114.242	2
114.625	114.625	3
115.020	115.020	4
115.403	115.403	1
115.798	115.798	2
116.181	116.181	3
116.576	116.576	4
116.959	116.959	1
117.342	117.342	2
117.725	117.725	3
118.108	118.108	4
118.503	118.503	1
118.886	118.886	2
119.269	119.269	3
119.652	119.652	4
120.036	120.036	1
120.407	120.407	2
120.790	120.790	3
121.185	121.185	4
121.568	121.568	1
121.951	121.951	2
122.346	122.346	3
122.752	122.752	4
123.159	123.159	1
