1.382	1.382	1
2.150	2.150	2
2.799	2.799	3
3.576	3.576	4
4.271	4.271	1
4.910	4.910	2
5.700	5.700	1
6.153	6.153	2
6.583	6.583	3
7.012	7.012	4
7.442	7.442	1
7.872	7.872	2
8.290	8.290	3
8.731	8.731	4
9.149	9.149	1
9.578	9.578	2
10.008	10.008	3
10.449	10.449	4
10.890	10.890	1
11.331	11.331	2
11.761	11.761	3
12.202	12.202	4
12.632	12.632	1
13.073	13.073	2
13.526	13.526	3
13.967	13.967	4
14.396	14.396	1
14.838	14.838	2
15.255	15.255	3
15.697	15.697	4
16.138	16.138	1
16.579	16.579	2
17.009	17.009	3
17.450	17.450	4
17.879	17.879	1
18.332	18.332	2
18.762	18.762	3
19.203	19.203	4
19.632	19.632	1
20.085	20.085	2
20.526	20.526	3
20.968	20.968	4
21.397	21.397	1
21.815	21.815	2
22.233	22.233	3
22.651	22.651	4
23.069	23.069	1
23.510	23.510	2
23.951	23.951	3
24.404	24.404	4
24.845	24.845	1
25.298	25.298	2
25.739	25.739	3
26.192	26.192	4
26.645	26.645	1
27.098	27.098	2
27.550	27.550	3
28.003	28.003	4
28.456	28.456	1
28.909	28.909	2
29.350	29.350	3
29.803	29.803	4
30.244	30.244	1
30.697	30.697	2
31.138	31.138	3
31.579	31.579	4
32.020	32.020	1
32.473	32.473	2
32.914	32.914	3
33.355	33.355	4
33.785	33.785	1
34.238	34.238	2
34.679	34.679	3
35.132	35.132	4
35.573	35.573	1
36.014	36.014	2
36.467	36.467	3
36.920	36.920	4
37.361	37.361	1
37.814	37.814	2
38.255	38.255	3
38.696	38.696	4
39.126	39.126	1
39.578	39.578	2
40.020	40.020	3
40.449	40.449	4
40.879	40.879	1
41.331	41.331	2
41.773	41.773	3
42.214	42.214	4
42.655	42.655	1
43.085	43.085	2
43.526	43.526	3
43.979	43.979	4
44.408	44.408	1
44.861	44.861	2
45.291	45.291	3
45.720	45.720	4
46.161	46.161	1
46.591	46.591	2
47.032	47.032	3
47.485	47.485	4
47.926	47.926	1
48.390	48.390	2
48.832	48.832	3
49.284	49.284	4
49.726	49.726	1
50.178	50.178	2
50.643	50.643	3
51.107	51.107	4
51.560	51.560	1
52.013	52.013	2
52.454	52.454	3
52.907	52.907	4
53.348	53.348	1
53.801	53.801	2
54.242	54.242	3
54.683	54.683	4
55.124	55.124	1
55.577	55.577	2
56.007	56.007	3
56.459	56.459	4
56.900	56.900	1
57.342	57.342	2
57.783	57.783	3
58.236	58.236	4
58.677	58.677	1
59.130	59.130	2
59.559	59.559	3
60.012	60.012	4
60.453	60.453	1
60.894	60.894	2
61.335	61.335	3
61.777	61.777	4
62.206	62.206	1
62.647	62.647	2
63.077	63.077	3
63.530	63.530	4
63.971	63.971	1
64.424	64.424	2
64.865	64.865	3
65.306	65.306	4
65.747	65.747	1
66.200	66.200	2
66.641	66.641	3
67.082	67.082	4
67.535	67.535	1
67.976	67.976	2
68.418	68.418	3
68.870	68.870	4
69.312	69.312	1
69.764	69.764	2
70.206	70.206	3
70.647	70.647	4
71.111	71.111	1
71.564	71.564	2
72.017	72.017	3
72.469	72.469	4
72.911	72.911	1
73.363	73.363	2
73.805	73.805	3
74.246	74.246	4
74.687	74.687	1
75.140	75.140	2
75.593	75.593	3
76.045	76.045	4
76.498	76.498	1
76.951	76.951	2
77.392	77.392	3
77.833	77.833	4
78.274	78.274	1
78.727	78.727	2
79.168	79.168	3
79.621	79.621	4
80.062	80.062	1
80.527	80.527	2
80.968	80.968	3
81.409	81.409	4
81.850	81.850	1
82.303	82.303	2
82.756	82.756	3
83.209	83.209	4
83.638	83.638	1
84.068	84.068	2
84.509	84.509	3
84.939	84.939	4
85.380	85.380	1
85.821	85.821	2
86.262	86.262	3
86.715	86.715	4
87.168	87.168	1
87.632	87.632	2
88.085	88.085	3
88.549	88.549	4
89.002	89.002	1
89.466	89.466	2
89.919	89.919	3
90.384	90.384	4
90.848	90.848	1
91.324	91.324	2
91.777	91.777	3
92.241	92.241	4
92.694	92.694	1
93.158	93.158	2
93.611	93.611	3
94.064	94.064	4
94.517	94.517	1
94.993	94.993	2
95.434	95.434	3
95.875	95.875	4
96.328	96.328	1
96.781	96.781	2
97.234	97.234	3
97.675	97.675	4
98.128	98.128	1
98.592	98.592	2
99.045	99.045	3
99.498	99.498	4
99.962	99.962	1
100.415	100.415	2
100.856	100.856	3
101.320	101.320	4
101.773	101.773	1
102.226	102.226	2
102.667	102.667	3
103.120	103.120	4
103.561	103.561	1
104.025	104.025	2
104.467	104.467	3
104.919	104.919	4
105.372	105.372	1
105.825	105.825	2
106.289	106.289	3
106.742	106.742	4
107.195	107.195	1
107.636	107.636	2
108.077	108.077	3
108.518	108.518	4
108.960	108.960	1
109.401	109.401	2
109.854	109.854	3
110.318	110.318	4
110.771	110.771	1
111.224	111.224	2
111.676	111.676	3
112.141	112.141	4
112.605	112.605	1
113.070	113.070	2
113.534	113.534	3
113.998	113.998	4
114.463	114.463	1
114.927	114.927	2
115.392	115.392	3
115.856	115.856	4
116.320	116.320	1
116.796	116.796	2
117.249	117.249	3
117.714	117.714	4
118.178	118.178	1
118.642	118.642	2
119.095	119.095	3
119.548	119.548	4
120.001	120.001	1
120.454	120.454	2
120.895	120.895	3
121.347	121.347	4
121.812	121.812	1
122.265	122.265	2
122.717	122.717	3
123.170	123.170	4
123.623	123.623	1
124.076	124.076	2
124.517	124.517	3
124.970	124.970	4
125.423	125.423	1
125.875	125.875	2
126.328	126.328	3
126.781	126.781	4
127.234	127.234	1
127.698	127.698	2
128.151	128.151	3
128.604	128.604	4
129.057	129.057	1
129.521	129.521	2
129.974	129.974	3
130.426	130.426	4
130.868	130.868	1
131.297	131.297	2
131.727	131.727	3
132.168	132.168	4
132.609	132.609	1
133.050	133.050	2
133.503	133.503	3
133.968	133.968	4
134.420	134.420	1
134.873	134.873	2
135.338	135.338	3
135.790	135.790	4
136.255	136.255	1
136.731	136.731	2
137.195	137.195	3
137.659	137.659	4
138.112	138.112	1
138.577	138.577	2
139.041	139.041	3
139.505	139.505	4
139.970	139.970	1
140.434	140.434	2
140.899	140.899	3
141.363	141.363	4
141.827	141.827	1
142.292	142.292	2
142.768	142.768	3
143.232	143.232	4
143.685	143.685	1
144.138	144.138	2
144.591	144.591	3
145.043	145.043	4
145.485	145.485	1
145.937	145.937	2
146.379	146.379	3
146.831	146.831	4
147.284	147.284	1
147.725	147.725	2
148.178	148.178	3
148.631	148.631	4
149.084	149.084	1
149.537	149.537	2
149.978	149.978	3
150.419	150.419	4
150.860	150.860	1
151.313	151.313	2
151.754	151.754	3
152.195	152.195	4
152.636	152.636	1
153.089	153.089	2
153.542	153.542	3
153.995	153.995	4
154.448	154.448	1
