0.488	0.488	1
0.929	0.929	2
1.335	1.335	3
1.788	1.788	4
2.229	2.229	1
2.670	2.670	2
3.111	3.111	3
3.553	3.553	4
3.982	3.982	1
4.412	4.412	2
4.853	4.853	3
5.306	5.306	4
5.747	5.747	1
6.188	6.188	2
6.618	6.618	3
7.059	7.059	4
7.535	7.535	1
7.999	7.999	2
8.452	8.452	3
8.905	8.905	4
9.358	9.358	1
9.799	9.799	2
10.240	10.240	3
10.681	10.681	4
11.122	11.122	1
11.564	11.564	2
11.993	11.993	3
12.434	12.434	4
12.875	12.875	1
13.317	13.317	2
13.746	13.746	3
14.187	14.187	4
14.629	14.629	1
15.070	15.070	2
15.511	15.511	3
15.952	15.952	4
16.393	16.393	1
16.834	16.834	2
17.276	17.276	3
17.705	17.705	4
18.135	18.135	1
18.588	18.588	2
19.017	19.017	3
19.458	19.458	4
19.899	19.899	1
20.341	20.341	2
20.782	20.782	3
21.211	21.211	4
21.653	21.653	1
22.105	22.105	2
22.547	22.547	3
22.976	22.976	4
23.417	23.417	1
23.858	23.858	2
24.288	24.288	3
24.729	24.729	4
25.159	25.159	1
25.600	25.600	2
26.041	26.041	3
26.482	26.482	4
26.924	26.924	1
27.353	27.353	2
27.794	27.794	3
28.235	28.235	4
28.677	28.677	1
29.118	29.118	2
29.559	29.559	3
30.000	30.000	4
30.430	30.430	1
30.859	30.859	2
31.300	31.300	3
31.742	31.742	4
32.183	32.183	1
32.624	32.624	2
33.065	33.065	3
33.495	33.495	4
33.924	33.924	1
34.342	34.342	2
34.760	34.760	3
35.178	35.178	4
35.596	35.596	1
36.049	36.049	2
36.479	36.479	3
36.908	36.908	4
37.349	37.349	1
37.802	37.802	2
38.255	38.255	3
38.708	38.708	4
39.149	39.149	1
39.590	39.590	2
40.020	40.020	3
40.461	40.461	4
40.902	40.902	1
41.343	41.343	2
41.784	41.784	3
42.225	42.225	4
42.667	42.667	1
43.108	43.108	2
43.549	43.549	3
43.990	43.990	4
44.420	44.420	1
44.861	44.861	2
45.302	45.302	3
45.743	45.743	4
46.184	46.184	1
46.626	46.626	2
47.067	47.067	3
47.508	47.508	4
47.949	47.949	1
48.390	48.390	2
48.820	48.820	3
49.261	49.261	4
49.702	49.702	1
50.143	50.143	2
50.585	50.585	3
51.014	51.014	4
51.455	51.455	1
51.908	51.908	2
52.349	52.349	3
52.779	52.779	4
53.220	53.220	1
53.673	53.673	2
54.102	54.102	3
54.532	54.532	4
54.973	54.973	1
55.414	55.414	2
55.844	55.844	3
56.285	56.285	4
56.738	56.738	1
57.179	57.179	2
57.620	57.620	3
58.061	58.061	4
58.514	58.514	1
58.955	58.955	2
59.408	59.408	3
59.838	59.838	4
60.279	60.279	1
60.709	60.709	2
61.138	61.138	3
61.568	61.568	4
61.997	61.997	1
62.427	62.427	2
62.856	62.856	3
63.274	63.274	4
63.692	63.692	1
64.122	64.122	2
64.563	64.563	3
65.004	65.004	4
65.434	65.434	1
65.875	65.875	2
66.305	66.305	3
66.734	66.734	4
67.175	67.175	1
67.617	67.617	2
68.058	68.058	3
68.487	68.487	4
68.917	68.917	1
69.358	69.358	2
69.799	69.799	3
70.229	70.229	4
70.670	70.670	1
71.099	71.099	2
71.529	71.529	3
71.959	71.959	4
72.388	72.388	1
72.829	72.829	2
73.271	73.271	3
73.700	73.700	4
74.130	74.130	1
74.582	74.582	2
75.035	75.035	3
75.488	75.488	4
75.941	75.941	1
76.370	76.370	2
76.812	76.812	3
77.264	77.264	4
77.706	77.706	1
78.147	78.147	2
78.588	78.588	3
79.029	79.029	4
79.482	79.482	1
79.923	79.923	2
80.353	80.353	3
80.794	80.794	4
81.235	81.235	1
81.688	81.688	2
82.129	82.129	3
82.570	82.570	4
83.011	83.011	1
83.441	83.441	2
83.882	83.882	3
84.312	84.312	4
84.741	84.741	1
85.182	85.182	2
85.624	85.624	3
86.065	86.065	4
86.506	86.506	1
86.935	86.935	2
87.377	87.377	3
87.818	87.818	4
88.259	88.259	1
88.712	88.712	2
89.141	89.141	3
89.583	89.583	4
90.024	90.024	1
90.465	90.465	2
90.906	90.906	3
91.324	91.324	4
91.754	91.754	1
92.206	92.206	2
92.648	92.648	3
93.089	93.089	4
93.530	93.530	1
93.971	93.971	2
94.412	94.412	3
94.842	94.842	4
95.283	95.283	1
95.724	95.724	2
96.165	96.165	3
96.607	96.607	4
97.059	97.059	1
97.489	97.489	2
97.930	97.930	3
98.360	98.360	4
98.801	98.801	1
99.242	99.242	2
99.683	99.683	3
100.113	100.113	4
100.542	100.542	1
100.972	100.972	2
101.390	101.390	3
101.808	101.808	4
102.237	102.237	1
102.667	102.667	2
103.097	103.097	3
103.538	103.538	4
103.967	103.967	1
104.420	104.420	2
104.861	104.861	3
105.291	105.291	4
105.720	105.720	1
106.162	106.162	2
106.591	106.591	3
107.032	107.032	4
107.474	107.474	1
107.915	107.915	2
108.344	108.344	3
108.785	108.785	4
109.238	109.238	1
109.679	109.679	2
110.132	110.132	3
110.585	110.585	4
111.038	111.038	1
111.479	111.479	2
111.920	111.920	3
112.373	112.373	4
112.826	112.826	1
113.290	113.290	2
113.766	113.766	3
114.219	114.219	4
114.672	114.672	1
115.101	115.101	2
115.566	115.566	3
115.995	115.995	4
116.448	116.448	1
116.901	116.901	2
117.354	117.354	3
117.795	117.795	4
118.224	118.224	1
118.654	118.654	2
119.095	119.095	3
119.525	119.525	4
119.966	119.966	1
120.395	120.395	2
120.837	120.837	3
121.266	121.266	4
121.707	121.707	1
122.149	122.149	2
122.578	122.578	3
122.984	122.984	4
123.414	123.414	1
123.867	123.867	2
124.308	124.308	3
124.738	124.738	4
125.167	125.167	1
125.597	125.597	2
126.026	126.026	3
126.456	126.456	4
126.897	126.897	1
127.338	127.338	2
127.779	127.779	3
128.209	128.209	4
128.627	128.627	1
129.045	129.045	2
129.463	129.463	3
129.904	129.904	4
130.334	130.334	1
130.775	130.775	2
131.204	131.204	3
131.646	131.646	4
132.087	132.087	1
132.528	132.528	2
132.957	132.957	3
133.387	133.387	4
133.828	133.828	1
134.269	134.269	2
134.699	134.699	3
135.129	135.129	4
135.570	135.570	1
136.011	136.011	2
136.464	136.464	3
136.916	136.916	4
137.369	137.369	1
137.810	137.810	2
138.240	138.240	3
138.670	138.670	4
139.099	139.099	1
139.529	139.529	2
139.970	139.970	3
140.411	140.411	4
140.841	140.841	1
141.291	141.291	2
141.722	141.722	3
142.145	142.145	4
142.550	142.550	1
142.950	142.950	2
143.405	143.405	3
143.810	143.810	4
144.226	144.226	1
