2.334	2.334	1
2.833	2.833	2
3.344	3.344	3
3.820	3.820	4
4.249	4.249	1
4.714	4.714	2
5.178	5.178	3
5.654	5.654	4
6.130	6.130	1
6.606	6.606	2
7.082	7.082	3
7.546	7.546	4
8.011	8.011	1
8.487	8.487	2
8.951	8.951	3
9.416	9.416	4
9.868	9.868	1
10.344	10.344	2
10.809	10.809	3
11.262	11.262	4
11.726	11.726	1
12.190	12.190	2
12.655	12.655	3
13.108	13.108	4
13.572	13.572	1
14.036	14.036	2
14.501	14.501	3
14.965	14.965	4
15.430	15.430	1
15.906	15.906	2
16.370	16.370	3
16.834	16.834	4
17.310	17.310	1
17.786	17.786	2
18.251	18.251	3
18.715	18.715	4
19.191	19.191	1
19.656	19.656	2
20.120	20.120	3
20.584	20.584	4
21.060	21.060	1
21.525	21.525	2
22.001	22.001	3
22.465	22.465	4
22.941	22.941	1
23.406	23.406	2
23.882	23.882	3
24.346	24.346	4
24.811	24.811	1
25.275	25.275	2
25.739	25.739	3
26.215	26.215	4
26.691	26.691	1
27.167	27.167	2
27.632	27.632	3
28.108	28.108	4
28.584	28.584	1
29.060	29.060	2
29.536	29.536	3
30.000	30.000	4
30.465	30.465	1
30.929	30.929	2
31.393	31.393	3
31.869	31.869	4
32.345	32.345	1
32.821	32.821	2
33.286	33.286	3
33.750	33.750	4
34.226	34.226	1
34.702	34.702	2
35.167	35.167	3
35.631	35.631	4
36.107	36.107	1
36.571	36.571	2
37.047	37.047	3
37.512	37.512	4
37.988	37.988	1
38.464	38.464	2
38.940	38.940	3
39.416	39.416	4
39.892	39.892	1
40.368	40.368	2
40.832	40.832	3
41.308	41.308	4
41.784	41.784	1
42.260	42.260	2
42.725	42.725	3
43.189	43.189	4
43.665	43.665	1
44.141	44.141	2
44.617	44.617	3
45.093	45.093	4
45.569	45.569	1
46.045	46.045	2
46.510	46.510	3
46.974	46.974	4
47.450	47.450	1
47.926	47.926	2
48.390	48.390	3
48.855	48.855	4
49.331	49.331	1
49.807	49.807	2
50.271	50.271	3
50.736	50.736	4
51.212	51.212	1
51.676	51.676	2
52.140	52.140	3
52.616	52.616	4
53.092	53.092	1
53.568	53.568	2
54.033	54.033	3
54.497	54.497	4
54.973	54.973	1
55.449	55.449	2
55.914	55.914	3
56.378	56.378	4
56.842	56.842	1
57.318	57.318	2
57.783	57.783	3
58.259	58.259	4
58.735	58.735	1
59.199	59.199	2
59.664	59.664	3
60.140	60.140	4
60.604	60.604	1
61.080	61.080	2
61.556	61.556	3
62.032	62.032	4
62.508	62.508	1
62.984	62.984	2
63.449	63.449	3
63.925	63.925	4
64.401	64.401	1
64.865	64.865	2
65.329	65.329	3
65.805	65.805	4
66.281	66.281	1
66.757	66.757	2
67.233	67.233	3
67.698	67.698	4
68.174	68.174	1
68.661	68.661	2
69.137	69.137	3
69.602	69.602	4
70.078	70.078	1
70.554	70.554	2
71.030	71.030	3
71.506	71.506	4
71.970	71.970	1
72.446	72.446	2
72.911	72.911	3
73.387	73.387	4
73.863	73.863	1
74.339	74.339	2
74.826	74.826	3
75.302	75.302	4
75.778	75.778	1
76.254	76.254	2
76.730	76.730	3
77.206	77.206	4
77.682	77.682	1
78.158	78.158	2
78.634	78.634	3
79.110	79.110	4
79.586	79.586	1
80.062	80.062	2
80.527	80.527	3
81.003	81.003	4
81.479	81.479	1
81.943	81.943	2
82.408	82.408	3
82.872	82.872	4
83.348	83.348	1
83.836	83.836	2
84.312	84.312	3
84.788	84.788	4
85.264	85.264	1
85.740	85.740	2
86.216	86.216	3
86.703	86.703	4
87.179	87.179	1
87.655	87.655	2
88.131	88.131	3
88.596	88.596	4
89.072	89.072	1
89.559	89.559	2
90.024	90.024	3
90.500	90.500	4
90.976	90.976	1
91.452	91.452	2
91.916	91.916	3
92.392	92.392	4
92.868	92.868	1
93.344	93.344	2
93.820	93.820	3
94.296	94.296	4
94.772	94.772	1
95.260	95.260	2
95.736	95.736	3
96.212	96.212	4
96.688	96.688	1
97.164	97.164	2
97.651	97.651	3
98.128	98.128	4
98.615	98.615	1
99.091	99.091	2
99.567	99.567	3
100.043	100.043	4
100.531	100.531	1
101.007	101.007	2
101.483	101.483	3
101.970	101.970	4
102.446	102.446	1
102.922	102.922	2
103.398	103.398	3
103.886	103.886	4
104.362	104.362	1
104.838	104.838	2
105.314	105.314	3
105.790	105.790	4
106.266	106.266	1
106.742	106.742	2
107.207	107.207	3
107.683	107.683	4
108.159	108.159	1
108.635	108.635	2
109.111	109.111	3
109.587	109.587	4
110.063	110.063	1
110.550	110.550	2
111.015	111.015	3
111.491	111.491	4
111.967	111.967	1
112.443	112.443	2
112.919	112.919	3
113.383	113.383	4
113.859	113.859	1
114.347	114.347	2
114.811	114.811	3
115.299	115.299	4
115.775	115.775	1
116.251	116.251	2
116.727	116.727	3
117.203	117.203	4
117.690	117.690	1
118.166	118.166	2
118.642	118.642	3
119.118	119.118	4
119.606	119.606	1
120.082	120.082	2
120.558	120.558	3
121.034	121.034	4
121.510	121.510	1
121.998	121.998	2
122.474	122.474	3
122.950	122.950	4
123.437	123.437	1
123.925	123.925	2
124.401	124.401	3
124.877	124.877	4
125.353	125.353	1
125.829	125.829	2
126.305	126.305	3
126.781	126.781	4
127.269	127.269	1
127.745	127.745	2
128.232	128.232	3
128.708	128.708	4
129.196	129.196	1
129.672	129.672	2
130.148	130.148	3
130.635	130.635	4
131.123	131.123	1
131.599	131.599	2
132.075	132.075	3
132.563	132.563	4
133.050	133.050	1
133.526	133.526	2
134.014	134.014	3
134.502	134.502	4
134.978	134.978	1
135.454	135.454	2
135.930	135.930	3
136.406	136.406	4
136.905	136.905	1
137.392	137.392	2
137.868	137.868	3
138.344	138.344	4
138.832	138.832	1
139.308	139.308	2
139.796	139.796	3
140.272	140.272	4
140.748	140.748	1
141.224	141.224	2
141.688	141.688	3
142.176	142.176	4
142.663	142.663	1
143.151	143.151	2
143.627	143.627	3
144.103	144.103	4
144.579	144.579	1
145.067	145.067	2
145.543	145.543	3
146.019	146.019	4
146.495	146.495	1
146.971	146.971	2
147.458	147.458	3
147.934	147.934	4
148.422	148.422	1
148.898	148.898	2
149.374	149.374	3
149.838	149.838	4
150.314	150.314	1
150.790	150.790	2
151.266	151.266	3
151.742	151.742	4
152.218	152.218	1
152.683	152.683	2
153.147	153.147	3
153.612	153.612	4
154.099	154.099	1
154.587	154.587	2
155.063	155.063	3
155.539	155.539	4
156.015	156.015	1
156.491	156.491	2
156.967	156.967	3
157.443	157.443	4
157.931	157.931	1
158.418	158.418	2
158.894	158.894	3
159.370	159.370	4
159.858	159.858	1
160.345	160.345	2
160.810	160.810	3
161.286	161.286	4
161.773	161.773	1
162.261	162.261	2
162.737	162.737	3
163.213	163.213	4
163.701	163.701	1
164.177	164.177	2
164.664	164.664	3
165.140	165.140	4
165.616	165.616	1
166.104	166.104	2
166.580	166.580	3
167.056	167.056	4
167.532	167.532	1
168.008	168.008	2
168.484	168.484	3
168.960	168.960	4
169.436	169.436	1
169.900	169.900	2
170.376	170.376	3
170.864	170.864	4
171.328	171.328	1
171.820	171.820	2
172.319	172.319	3
172.778	172.778	4
173.253	173.253	1
173.723	173.723	2
174.220	174.220	3
174.710	174.710	4
175.163	175.163	1
