2.813990929	2.813990929	1
4.993990929	4.993990929	2
6.849002267	6.849002267	3
8.763990929	8.763990929	4
10.619002267	10.619002267	1
12.533990929	12.533990929	2
14.431995464	14.431995464	3
16.347006802	16.347006802	4
18.360997732	18.360997732	1
20.272993197	20.272993197	2
22.074988662	22.074988662	3
24.300000000	24.300000000	1
24.833990929	24.833990929	2
25.344988662	25.344988662	3
25.855011337	25.855011337	4
26.389002267	26.389002267	1
26.911995464	26.911995464	2
27.422993197	27.422993197	3
27.945011337	27.945011337	4
28.456009070	28.456009070	1
28.978004535	28.978004535	2
29.478004535	29.478004535	3
29.989002267	29.989002267	4
30.499002267	30.499002267	1
30.999002267	30.999002267	2
31.498004535	31.498004535	3
32.009002267	32.009002267	4
32.520000000	32.520000000	1
33.030000000	33.030000000	2
33.530000000	33.530000000	3
34.029002267	34.029002267	4
34.540000000	34.540000000	1
35.050997732	35.050997732	2
35.550000000	35.550000000	3
36.049002267	36.049002267	4
36.560000000	36.560000000	1
37.059002267	37.059002267	2
37.547006802	37.547006802	3
38.046009070	38.046009070	4
38.557006802	38.557006802	1
39.056009070	39.056009070	2
39.554988662	39.554988662	3
40.053990929	40.053990929	4
40.553990929	40.553990929	1
41.063990929	41.063990929	2
41.563990929	41.563990929	3
42.062993197	42.062993197	4
42.561995464	42.561995464	1
43.072993197	43.072993197	2
43.583990929	43.583990929	3
44.082993197	44.082993197	4
44.581995464	44.581995464	1
45.081995464	45.081995464	2
45.580997732	45.580997732	3
46.068004535	46.068004535	4
46.568004535	46.568004535	1
47.078004535	47.078004535	2
47.578004535	47.578004535	3
48.077006802	48.077006802	4
48.576009070	48.576009070	1
49.087006802	49.087006802	2
49.575011337	49.575011337	3
50.073990929	50.073990929	4
50.585011337	50.585011337	1
51.071995464	51.071995464	2
51.570997732	51.570997732	3
52.059002267	52.059002267	4
52.558004535	52.558004535	1
53.058004535	53.058004535	2
53.557006802	53.557006802	3
54.043990929	54.043990929	4
54.531995464	54.531995464	1
55.020000000	55.020000000	2
55.507006802	55.507006802	3
55.982993197	55.982993197	4
56.470997732	56.470997732	1
56.970000000	56.970000000	2
57.469002267	57.469002267	3
57.957006802	57.957006802	4
58.456009070	58.456009070	1
58.931995464	58.931995464	2
59.420000000	59.420000000	3
59.896009070	59.896009070	4
60.382993197	60.382993197	1
60.870997732	60.870997732	2
61.347006802	61.347006802	3
61.822993197	61.822993197	4
62.299002267	62.299002267	1
62.787006802	62.787006802	2
63.262993197	63.262993197	3
63.750000000	63.750000000	4
64.238004535	64.238004535	1
64.726009070	64.726009070	2
65.212993197	65.212993197	3
65.689002267	65.689002267	4
66.177006802	66.177006802	1
66.663990929	66.663990929	2
67.140000000	67.140000000	3
67.605011337	67.605011337	4
68.080997732	68.080997732	5
68.569002267	68.569002267	1
69.045011337	69.045011337	2
69.531995464	69.531995464	3
70.020000000	70.020000000	4
70.496009070	70.496009070	1
70.971995464	70.971995464	2
71.448004535	71.448004535	3
71.923990929	71.923990929	4
72.410997732	72.410997732	1
72.899002267	72.899002267	2
73.375011337	73.375011337	3
73.850997732	73.850997732	4
74.339002267	74.339002267	1
74.814988662	74.814988662	2
75.290997732	75.290997732	3
75.778004535	75.778004535	4
76.253990929	76.253990929	1
76.730000000	76.730000000	2
77.206009070	77.206009070	3
77.681995464	77.681995464	4
78.158004535	78.158004535	1
78.633990929	78.633990929	2
79.110000000	79.110000000	3
79.586009070	79.586009070	4
80.061995464	80.061995464	1
80.538004535	80.538004535	2
81.013990929	81.013990929	3
81.490000000	81.490000000	4
81.978004535	81.978004535	1
82.466009070	82.466009070	2
82.941995464	82.941995464	3
83.418004535	83.418004535	4
83.905011337	83.905011337	1
84.392993197	84.392993197	2
84.880997732	84.880997732	3
85.344988662	85.344988662	4
85.820997732	85.820997732	1
86.309002267	86.309002267	2
86.796009070	86.796009070	3
87.271995464	87.271995464	4
87.760000000	87.760000000	1
88.247006802	88.247006802	2
88.722993197	88.722993197	3
89.199002267	89.199002267	4
89.663990929	89.663990929	1
90.140000000	90.140000000	2
90.616009070	90.616009070	3
91.091995464	91.091995464	4
91.579002267	91.579002267	1
92.055011337	92.055011337	2
92.542993197	92.542993197	3
93.030997732	93.030997732	4
93.507006802	93.507006802	1
93.982993197	93.982993197	2
94.459002267	94.459002267	3
94.958004535	94.958004535	4
95.433990929	95.433990929	1
95.921995464	95.921995464	2
96.398004535	96.398004535	3
96.873990929	96.873990929	4
97.350000000	97.350000000	1
97.837006802	97.837006802	2
98.312993197	98.312993197	3
98.789002267	98.789002267	4
99.253990929	99.253990929	1
99.718004535	99.718004535	2
100.193990929	100.193990929	3
100.670000000	100.670000000	4
101.146009070	101.146009070	1
101.610997732	101.610997732	2
102.075011337	102.075011337	3
102.550997732	102.550997732	4
103.027006802	103.027006802	1
103.490997732	103.490997732	2
103.956009070	103.956009070	3
104.420000000	104.420000000	4
104.885011337	104.885011337	1
105.349002267	105.349002267	2
105.812993197	105.812993197	3
106.278004535	106.278004535	4
106.741995464	106.741995464	1
107.218004535	107.218004535	2
107.682993197	107.682993197	3
108.159002267	108.159002267	4
108.622993197	108.622993197	1
109.087006802	109.087006802	2
109.551995464	109.551995464	3
110.016009070	110.016009070	4
110.491995464	110.491995464	1
110.968004535	110.968004535	2
111.443990929	111.443990929	1
111.942993197	111.942993197	2
112.386009070	112.386009070	3
112.856009070	112.856009070	4
113.290158730	113.290158730	1
113.770340136	113.770340136	2
114.242199546	114.242199546	3
114.687120181	114.687120181	4
115.138004535	115.138004535	1
115.587823129	115.587823129	2
116.034126984	116.034126984	3
116.522448979	116.522448979	4
117.026009070	117.026009070	1
117.516009070	117.516009070	2
117.992199546	117.992199546	3
118.514285714	118.514285714	4
118.955102040	118.955102040	1
119.454988662	119.454988662	2
119.930997732	119.930997732	3
120.407006802	120.407006802	4
120.882993197	120.882993197	1
121.359002267	121.359002267	2
121.847006802	121.847006802	3
122.322993197	122.322993197	4
122.799002267	122.799002267	1
123.275011337	123.275011337	2
123.761995464	123.761995464	3
124.238004535	124.238004535	4
124.713990929	124.713990929	1
125.190000000	125.190000000	2
125.655011337	125.655011337	3
126.130997732	126.130997732	4
126.607006802	126.607006802	5
127.082993197	127.082993197	1
127.559002267	127.559002267	2
128.046009070	128.046009070	3
128.510997732	128.510997732	4
128.987006802	128.987006802	1
129.450997732	129.450997732	2
129.916009070	129.916009070	3
130.391995464	130.391995464	4
130.868004535	130.868004535	1
131.343990929	131.343990929	2
131.820000000	131.820000000	3
132.307006802	132.307006802	4
132.794988662	132.794988662	1
133.259002267	133.259002267	2
133.735011337	133.735011337	3
134.200000000	134.200000000	4
134.687006802	134.687006802	1
135.151995464	135.151995464	2
135.616009070	135.616009070	3
136.091995464	136.091995464	4
136.568004535	136.568004535	1
137.020997732	137.020997732	2
137.473990929	137.473990929	3
137.950000000	137.950000000	1
138.413990929	138.413990929	2
138.867006802	138.867006802	3
139.330997732	139.330997732	1
139.796009070	139.796009070	2
140.271995464	140.271995464	3
140.724988662	140.724988662	1
141.177006802	141.177006802	2
141.652993197	141.652993197	3
142.129002267	142.129002267	1
142.604988662	142.604988662	2
143.080997732	143.080997732	3
143.557006802	143.557006802	1
144.032993197	144.032993197	2
144.532993197	144.532993197	3
145.020000000	145.020000000	4
145.508004535	145.508004535	5
145.983990929	145.983990929	1
146.460000000	146.460000000	2
146.936009070	146.936009070	3
147.411995464	147.411995464	4
147.899002267	147.899002267	5
148.375011337	148.375011337	1
148.850997732	148.850997732	2
149.328004535	149.328004535	3
149.814988662	149.814988662	4
150.290997732	150.290997732	5
150.767006802	150.767006802	1
151.242993197	151.242993197	2
151.719002267	151.719002267	3
152.207006802	152.207006802	4
152.682993197	152.682993197	5
153.159002267	153.159002267	1
153.646009070	153.646009070	2
154.110997732	154.110997732	3
154.587006802	154.587006802	4
155.073990929	155.073990929	5
155.550000000	155.550000000	1
156.014988662	156.014988662	2
156.490997732	156.490997732	3
156.967006802	156.967006802	4
157.442993197	157.442993197	5
157.919002267	157.919002267	1
158.395011337	158.395011337	2
158.859002267	158.859002267	3
159.335011337	159.335011337	4
159.810997732	159.810997732	5
160.287006802	160.287006802	1
160.762993197	160.762993197	2
161.239002267	161.239002267	3
161.715011337	161.715011337	4
162.190997732	162.190997732	5
162.667006802	162.667006802	1
163.142993197	163.142993197	2
163.619002267	163.619002267	3
164.094988662	164.094988662	4
164.570997732	164.570997732	5
165.047006802	165.047006802	1
165.511995464	165.511995464	2
165.976009070	165.976009070	3
166.451995464	166.451995464	4
166.928004535	166.928004535	5
167.392993197	167.392993197	1
167.857006802	167.857006802	2
168.332993197	168.332993197	3
168.797006802	168.797006802	4
169.284988662	169.284988662	5
169.760997732	169.760997732	1
170.224988662	170.224988662	2
170.690000000	170.690000000	3
171.166009070	171.166009070	4
171.641995464	171.641995464	5
172.106009070	172.106009070	1
172.581995464	172.581995464	2
173.058004535	173.058004535	3
173.510997732	173.510997732	4
173.974988662	173.974988662	5
174.440000000	174.440000000	1
174.903990929	174.903990929	2
175.369002267	175.369002267	3
175.832993197	175.832993197	4
176.309002267	176.309002267	5
176.773990929	176.773990929	1
177.250000000	177.250000000	2
177.713990929	177.713990929	3
178.190000000	178.190000000	4
178.666009070	178.666009070	5
179.130000000	179.130000000	1
179.606009070	179.606009070	2
180.070997732	180.070997732	3
180.547006802	180.547006802	4
181.010997732	181.010997732	5
181.487006802	181.487006802	1
181.951995464	181.951995464	2
182.416009070	182.416009070	3
182.891995464	182.891995464	4
183.368004535	183.368004535	5
183.843990929	183.843990929	1
184.308004535	184.308004535	2
184.772993197	184.772993197	3
185.237006802	185.237006802	4
185.712993197	185.712993197	5
186.189002267	186.189002267	1
186.664988662	186.664988662	2
187.130000000	187.130000000	3
187.606009070	187.606009070	4
188.070000000	188.070000000	5
188.546009070	188.546009070	1
189.021995464	189.021995464	2
189.486009070	189.486009070	3
189.961995464	189.961995464	4
190.438004535	190.438004535	5
190.902993197	190.902993197	1
191.367006802	191.367006802	2
191.831995464	191.831995464	3
192.308004535	192.308004535	4
192.771995464	192.771995464	5
193.248004535	193.248004535	1
193.711995464	193.711995464	2
194.177006802	194.177006802	3
194.640997732	194.640997732	4
195.106009070	195.106009070	5
195.581995464	195.581995464	1
196.046009070	196.046009070	2
196.510000000	196.510000000	3
196.974988662	196.974988662	4
197.450997732	197.450997732	5
197.914988662	197.914988662	1
198.390997732	198.390997732	2
198.856009070	198.856009070	3
199.320000000	199.320000000	4
199.783990929	199.783990929	5
200.237006802	200.237006802	1
200.701995464	200.701995464	2
201.153990929	201.153990929	3
201.619002267	201.619002267	4
202.082993197	202.082993197	5
202.536009070	202.536009070	1
202.989002267	202.989002267	2
203.441995464	203.441995464	3
203.918004535	203.918004535	4
204.381995464	204.381995464	5
204.846009070	204.846009070	1
205.299002267	205.299002267	2
205.775011337	205.775011337	3
206.250997732	206.250997732	4
206.727006802	206.727006802	5
207.191995464	207.191995464	1
207.668004535	207.668004535	2
208.201995464	208.201995464	3
208.633514739	208.633514739	4
209.116961451	209.116961451	5
209.617460317	209.617460317	1
210.040861678	210.040861678	2
210.525487528	210.525487528	3
211.009795918	211.009795918	4
211.488072562	211.488072562	5
211.968866213	211.968866213	1
212.454081632	212.454081632	2
212.947142857	212.947142857	3
213.392312925	213.392312925	4
213.891065759	213.891065759	5
214.312290249	214.312290249	1
214.782562358	214.782562358	2
215.287868480	215.287868480	3
215.774943310	215.774943310	4
216.200907029	216.200907029	5
216.674761904	216.674761904	1
217.119954648	217.119954648	2
217.620816326	217.620816326	3
218.040725623	218.040725623	4
218.494625850	218.494625850	5
218.909274376	218.909274376	1
219.360000000	219.360000000	2
219.814897959	219.814897959	3
220.271882086	220.271882086	4
220.744285714	220.744285714	5
221.298004535	221.298004535	1
221.820000000	221.820000000	2
222.330997732	222.330997732	3
222.807006802	222.807006802	4
223.294988662	223.294988662	1
223.781995464	223.781995464	2
224.258004535	224.258004535	3
224.733990929	224.733990929	4
225.221995464	225.221995464	1
225.710000000	225.710000000	2
226.186009070	226.186009070	3
226.661995464	226.661995464	1
227.149002267	227.149002267	2
227.613990929	227.613990929	3
228.078004535	228.078004535	4
228.541995464	228.541995464	1
229.007006802	229.007006802	2
229.470997732	229.470997732	3
229.936009070	229.936009070	4
230.400000000	230.400000000	1
230.863990929	230.863990929	2
231.317006802	231.317006802	3
231.781995464	231.781995464	4
232.233990929	232.233990929	1
232.699002267	232.699002267	2
233.151995464	233.151995464	3
233.616009070	233.616009070	4
234.080000000	234.080000000	1
234.544988662	234.544988662	2
235.009002267	235.009002267	3
235.461995464	235.461995464	4
235.926009070	235.926009070	1
236.390997732	236.390997732	2
236.854988662	236.854988662	3
237.320000000	237.320000000	4
237.783990929	237.783990929	1
238.248004535	238.248004535	2
238.712993197	238.712993197	3
239.166009070	239.166009070	4
239.618004535	239.618004535	1
240.082993197	240.082993197	2
240.534988662	240.534988662	3
240.988004535	240.988004535	4
241.452993197	241.452993197	1
241.929002267	241.929002267	2
242.392993197	242.392993197	3
242.858004535	242.858004535	4
243.321995464	243.321995464	1
243.786009070	243.786009070	2
244.239002267	244.239002267	3
244.691995464	244.691995464	4
245.145011337	245.145011337	1
245.609002267	245.609002267	2
246.072993197	246.072993197	3
246.538004535	246.538004535	4
247.001995464	247.001995464	1
247.467006802	247.467006802	2
247.919002267	247.919002267	3
248.383990929	248.383990929	4
248.848004535	248.848004535	1
249.323990929	249.323990929	2
249.789002267	249.789002267	3
250.240997732	250.240997732	4
250.706009070	250.706009070	1
251.170000000	251.170000000	2
251.622993197	251.622993197	3
252.076009070	252.076009070	4
252.529002267	252.529002267	1
252.992993197	252.992993197	2
253.457006802	253.457006802	3
253.921995464	253.921995464	4
254.375011337	254.375011337	1
254.839002267	254.839002267	2
255.291995464	255.291995464	3
255.745011337	255.745011337	4
256.209002267	256.209002267	1
256.672993197	256.672993197	2
257.149002267	257.149002267	3
257.601995464	257.601995464	4
258.067006802	258.067006802	1
258.508004535	258.508004535	2
258.960997732	258.960997732	3
259.412993197	259.412993197	4
259.866009070	259.866009070	1
260.330997732	260.330997732	2
260.795011337	260.795011337	1
261.248004535	261.248004535	2
261.700000000	261.700000000	3
262.139002267	262.139002267	4
262.657006802	262.657006802	1
263.068004535	263.068004535	2
263.566009070	263.566009070	3
264.021995464	264.021995464	4
264.471995464	264.471995464	1
264.942993197	264.942993197	2
265.373990929	265.373990929	3
265.849002267	265.849002267	4
266.256009070	266.256009070	1
266.722993197	266.722993197	2
267.218004535	267.218004535	3
267.668004535	267.668004535	4
268.168004535	268.168004535	1
268.591995464	268.591995464	2
269.045011337	269.045011337	3
269.490000000	269.490000000	4
269.897142857	269.897142857	1
270.349931972	270.349931972	2
270.791111111	270.791111111	3
271.267120181	271.267120181	4
271.685079365	271.685079365	1
272.126258503	272.126258503	2
272.601995464	272.601995464	3
273.042993197	273.042993197	4
273.496009070	273.496009070	1
273.983990929	273.983990929	2
274.448004535	274.448004535	3
274.900997732	274.900997732	4
275.353990929	275.353990929	1
275.818004535	275.818004535	2
276.282993197	276.282993197	3
276.747006802	276.747006802	4
277.200000000	277.200000000	1
277.652993197	277.652993197	2
278.117006802	278.117006802	3
278.580997732	278.580997732	4
279.033990929	279.033990929	1
279.487006802	279.487006802	2
279.940000000	279.940000000	3
280.392993197	280.392993197	4
280.857006802	280.857006802	5
281.320997732	281.320997732	2
281.773990929	281.773990929	3
282.239002267	282.239002267	4
282.702993197	282.702993197	1
283.156009070	283.156009070	1
283.609002267	283.609002267	2
284.060997732	284.060997732	3
284.526009070	284.526009070	4
284.990000000	284.990000000	1
285.453990929	285.453990929	2
285.919002267	285.919002267	3
286.382993197	286.382993197	4
286.836009070	286.836009070	1
287.300000000	287.300000000	2
287.752993197	287.752993197	3
288.206009070	288.206009070	4
288.659002267	288.659002267	1
289.122993197	289.122993197	2
289.563990929	289.563990929	3
290.006009070	290.006009070	4
290.458004535	290.458004535	1
290.910997732	290.910997732	2
291.363990929	291.363990929	3
291.817006802	291.817006802	1
292.270000000	292.270000000	2
292.721995464	292.721995464	3
293.163990929	293.163990929	1
293.650997732	293.650997732	2
294.127006802	294.127006802	3
294.629002267	294.629002267	1
